Sudoku # 0
zChaff solved in 0.008810134007944725seconds
Our solver solved in 2.3799657355993986e-07 seconds
8 4 5 6 3 2 1 7 9 
7 3 2 9 1 8 6 5 4 
1 9 6 7 4 5 3 2 8 
6 8 3 5 7 4 9 1 2 
4 5 7 2 9 1 8 3 6 
2 1 9 8 6 3 5 4 7 
3 6 1 4 2 9 7 8 5 
5 7 4 1 8 6 2 9 3 
9 2 8 3 5 7 4 6 1 

Sudoku # 1
zChaff solved in 0.009688288992037997seconds
Our solver solved in 2.529995981603861e-07 seconds
8 3 2 4 5 6 7 9 1 
9 5 7 1 8 2 4 6 3 
4 1 6 9 7 3 2 5 8 
6 7 9 5 4 1 8 3 2 
5 2 3 7 6 8 1 4 9 
1 8 4 3 2 9 5 7 6 
7 6 1 8 3 4 9 2 5 
2 9 5 6 1 7 3 8 4 
3 4 8 2 9 5 6 1 7 

Sudoku # 2
zChaff solved in 0.009651934000430629seconds
Our solver solved in 3.630120772868395e-07 seconds
4 9 5 6 1 8 2 3 7 
7 2 6 3 4 9 5 8 1 
3 1 8 7 2 5 4 6 9 
5 7 2 8 9 4 3 1 6 
6 4 3 5 7 1 8 9 2 
1 8 9 2 6 3 7 4 5 
8 3 7 9 5 6 1 2 4 
2 6 4 1 8 7 9 5 3 
9 5 1 4 3 2 6 7 8 

Sudoku # 3
zChaff solved in 0.009074210000107996seconds
Our solver solved in 2.4700420908629894e-07 seconds
2 5 6 8 3 1 7 4 9 
8 3 7 6 4 9 5 1 2 
1 9 4 7 2 5 3 8 6 
6 4 1 5 8 7 9 2 3 
7 2 5 1 9 3 8 6 4 
3 8 9 4 6 2 1 7 5 
9 7 8 2 5 4 6 3 1 
5 6 2 3 1 8 4 9 7 
4 1 3 9 7 6 2 5 8 

Sudoku # 4
zChaff solved in 0.008488812003633939seconds
Our solver solved in 2.2799940779805183e-07 seconds
3 2 5 8 6 7 1 9 4 
6 8 1 4 9 5 3 2 7 
7 9 4 3 2 1 5 6 8 
5 3 9 6 1 4 8 7 2 
2 6 8 7 3 9 4 5 1 
4 1 7 5 8 2 6 3 9 
1 5 3 9 7 8 2 4 6 
9 4 2 1 5 6 7 8 3 
8 7 6 2 4 3 9 1 5 

Sudoku # 5
zChaff solved in 0.008768966989009641seconds
Our solver solved in 5.099864210933447e-07 seconds
3 6 1 7 2 5 9 4 8 
9 8 7 4 1 3 2 5 6 
2 5 4 8 6 9 1 3 7 
8 7 6 9 3 4 5 1 2 
5 2 3 1 8 6 7 9 4 
4 1 9 2 5 7 6 8 3 
6 4 5 3 7 1 8 2 9 
7 3 8 5 9 2 4 6 1 
1 9 2 6 4 8 3 7 5 

Sudoku # 6
zChaff solved in 0.010288232006132603seconds
Our solver solved in 3.5999983083456755e-07 seconds
8 5 7 2 6 1 3 9 4 
3 1 2 4 9 5 7 8 6 
9 6 4 3 7 8 2 1 5 
1 9 5 7 3 4 6 2 8 
7 2 8 9 5 6 1 4 3 
6 4 3 1 8 2 5 7 9 
5 8 1 6 4 7 9 3 2 
4 7 9 5 2 3 8 6 1 
2 3 6 8 1 9 4 5 7 

Sudoku # 7
zChaff solved in 0.010424860010971315seconds
Our solver solved in 2.90005118586123e-07 seconds
3 6 1 7 2 5 9 4 8 
9 8 7 4 1 3 2 5 6 
2 5 4 8 6 9 1 3 7 
8 7 6 9 3 4 5 1 2 
5 2 3 1 8 6 7 9 4 
4 1 9 2 5 7 6 8 3 
6 4 5 3 7 1 8 2 9 
7 3 8 5 9 2 4 6 1 
1 9 2 6 4 8 3 7 5 

Sudoku # 8
zChaff solved in 0.010309568999218754seconds
Our solver solved in 3.00002284348011e-07 seconds
8 9 3 2 7 5 1 4 6 
6 5 7 9 4 1 3 2 8 
1 4 2 6 3 8 5 9 7 
9 7 1 5 8 4 6 3 2 
4 6 8 3 2 9 7 5 1 
3 2 5 1 6 7 9 8 4 
5 3 6 4 1 2 8 7 9 
7 1 4 8 9 3 2 6 5 
2 8 9 7 5 6 4 1 3 

Sudoku # 9
zChaff solved in 0.009764119997271337seconds
Our solver solved in 2.469896571710706e-07 seconds
1 7 2 8 5 4 3 9 6 
4 6 8 1 9 3 2 7 5 
5 3 9 7 2 6 4 8 1 
9 1 4 6 7 2 8 5 3 
6 5 7 3 8 9 1 2 4 
8 2 3 4 1 5 7 6 9 
3 8 5 2 6 1 9 4 7 
2 4 6 9 3 7 5 1 8 
7 9 1 5 4 8 6 3 2 

Sudoku # 10
zChaff solved in 0.008635645994218066seconds
Our solver solved in 2.2799940779805183e-07 seconds
8 5 7 3 9 2 4 1 6 
2 1 4 8 5 6 3 7 9 
9 3 6 1 4 7 2 8 5 
5 6 8 4 2 9 1 3 7 
4 9 2 7 3 1 6 5 8 
1 7 3 6 8 5 9 4 2 
3 2 1 5 6 8 7 9 4 
6 4 5 9 7 3 8 2 1 
7 8 9 2 1 4 5 6 3 

Sudoku # 11
zChaff solved in 0.00957597399246879seconds
Our solver solved in 2.3400934878736734e-07 seconds
3 5 9 4 8 1 7 6 2 
7 6 4 9 2 3 8 5 1 
1 2 8 5 6 7 3 4 9 
2 1 5 6 7 8 4 9 3 
4 7 3 2 5 9 1 8 6 
8 9 6 1 3 4 2 7 5 
9 4 2 7 1 6 5 3 8 
6 8 1 3 4 5 9 2 7 
5 3 7 8 9 2 6 1 4 

Sudoku # 12
zChaff solved in 0.009211306998622604seconds
Our solver solved in 1.9800791051238775e-07 seconds
1 2 5 6 4 9 3 7 8 
8 3 4 7 1 5 2 9 6 
6 9 7 3 8 2 4 1 5 
7 4 6 9 5 3 1 8 2 
3 5 9 8 2 1 7 6 4 
2 8 1 4 7 6 9 5 3 
5 7 3 2 9 8 6 4 1 
4 6 8 1 3 7 5 2 9 
9 1 2 5 6 4 8 3 7 

Sudoku # 13
zChaff solved in 0.008908939998946153seconds
Our solver solved in 2.400047378614545e-07 seconds
8 4 1 3 6 5 7 9 2 
7 3 6 2 9 4 8 1 5 
5 2 9 1 8 7 6 3 4 
2 8 5 6 7 1 3 4 9 
6 9 7 4 3 2 1 5 8 
4 1 3 8 5 9 2 6 7 
1 7 2 5 4 3 9 8 6 
3 5 8 9 2 6 4 7 1 
9 6 4 7 1 8 5 2 3 

Sudoku # 14
zChaff solved in 0.009548322996124625seconds
Our solver solved in 3.450113581493497e-07 seconds
3 6 1 7 2 5 9 4 8 
9 8 7 4 1 3 2 5 6 
2 5 4 8 6 9 1 3 7 
8 7 6 9 3 4 5 1 2 
5 2 3 1 8 6 7 9 4 
4 1 9 2 5 7 6 8 3 
6 4 5 3 7 1 8 2 9 
7 3 8 5 9 2 4 6 1 
1 9 2 6 4 8 3 7 5 

Sudoku # 15
zChaff solved in 0.008951500989496708seconds
Our solver solved in 2.710003172978759e-07 seconds
2 3 8 4 6 7 9 1 5 
4 1 5 2 9 3 6 7 8 
7 9 6 8 5 1 2 3 4 
9 7 3 5 4 8 1 6 2 
6 2 4 1 3 9 8 5 7 
8 5 1 7 2 6 4 9 3 
5 8 7 9 1 2 3 4 6 
1 6 2 3 7 4 5 8 9 
3 4 9 6 8 5 7 2 1 

Sudoku # 16
zChaff solved in 0.008588080003391951seconds
Our solver solved in 2.2399763111025095e-07 seconds
3 1 2 8 6 5 9 4 7 
6 5 7 9 3 4 1 8 2 
8 9 4 1 7 2 5 6 3 
2 4 6 7 9 1 3 5 8 
1 3 5 4 8 6 2 7 9 
7 8 9 5 2 3 4 1 6 
4 7 8 3 1 9 6 2 5 
5 2 3 6 4 8 7 9 1 
9 6 1 2 5 7 8 3 4 

Sudoku # 17
zChaff solved in 0.00978548800048884seconds
Our solver solved in 2.3000757209956646e-07 seconds
2 7 1 8 3 9 5 4 6 
4 6 9 2 7 5 8 1 3 
8 3 5 1 6 4 7 9 2 
3 4 2 9 1 7 6 5 8 
6 5 8 4 2 3 9 7 1 
9 1 7 5 8 6 2 3 4 
1 2 3 7 5 8 4 6 9 
7 9 6 3 4 2 1 8 5 
5 8 4 6 9 1 3 2 7 

Sudoku # 18
zChaff solved in 0.009745721996296197seconds
Our solver solved in 2.309971023350954e-07 seconds
6 7 2 8 4 1 3 5 9 
4 9 5 7 6 3 2 8 1 
3 8 1 9 5 2 6 7 4 
8 1 3 6 9 7 4 2 5 
5 2 6 3 1 4 7 9 8 
7 4 9 5 2 8 1 3 6 
2 6 7 1 8 9 5 4 3 
1 3 8 4 7 5 9 6 2 
9 5 4 2 3 6 8 1 7 

Sudoku # 19
zChaff solved in 0.008870521996868774seconds
Our solver solved in 3.7800054997205734e-07 seconds
3 6 2 7 9 4 1 8 5 
5 1 8 6 2 3 7 9 4 
4 9 7 1 8 5 2 3 6 
8 5 9 4 6 2 3 7 1 
1 4 6 8 3 7 5 2 9 
2 7 3 5 1 9 4 6 8 
9 3 5 2 4 8 6 1 7 
7 8 1 3 5 6 9 4 2 
6 2 4 9 7 1 8 5 3 

Sudoku # 20
zChaff solved in 0.010555695000221021seconds
Our solver solved in 4.00003045797348e-07 seconds
6 7 5 9 4 8 2 1 3 
3 2 8 1 6 5 9 7 4 
1 4 9 7 3 2 5 6 8 
2 9 1 3 5 7 4 8 6 
4 8 6 2 9 1 7 3 5 
5 3 7 6 8 4 1 2 9 
8 1 4 5 2 3 6 9 7 
9 5 2 8 7 6 3 4 1 
7 6 3 4 1 9 8 5 2 

Sudoku # 21
zChaff solved in 0.00951896799961105seconds
Our solver solved in 2.760061761364341e-07 seconds
3 8 4 7 2 9 1 5 6 
1 2 5 3 4 6 9 7 8 
7 9 6 5 8 1 4 2 3 
4 1 7 6 9 3 5 8 2 
8 6 2 4 1 5 3 9 7 
9 5 3 8 7 2 6 1 4 
2 3 1 9 6 7 8 4 5 
6 4 9 2 5 8 7 3 1 
5 7 8 1 3 4 2 6 9 

Sudoku # 22
zChaff solved in 0.009542472995235585seconds
Our solver solved in 2.5599729269742966e-07 seconds
9 8 7 5 2 1 4 6 3 
4 6 3 9 7 8 5 1 2 
2 1 5 3 4 6 9 8 7 
3 4 1 7 6 9 2 5 8 
7 2 6 8 3 5 1 9 4 
5 9 8 2 1 4 3 7 6 
1 3 2 6 5 7 8 4 9 
8 7 4 1 9 2 6 3 5 
6 5 9 4 8 3 7 2 1 

Sudoku # 23
zChaff solved in 0.009816773002967238seconds
Our solver solved in 2.400047378614545e-07 seconds
9 5 3 7 8 1 6 2 4 
6 2 7 3 9 4 5 1 8 
8 4 1 2 5 6 9 3 7 
3 6 4 5 1 8 2 7 9 
2 9 5 6 3 7 8 4 1 
1 7 8 9 4 2 3 5 6 
4 1 9 8 2 3 7 6 5 
5 3 6 4 7 9 1 8 2 
7 8 2 1 6 5 4 9 3 

Sudoku # 24
zChaff solved in 0.011630206994595937seconds
Our solver solved in 2.5599729269742966e-07 seconds
1 4 9 7 2 5 6 8 3 
8 2 6 4 3 1 9 5 7 
5 7 3 8 6 9 1 4 2 
3 8 5 1 9 7 2 6 4 
9 1 4 2 5 6 3 7 8 
2 6 7 3 8 4 5 9 1 
7 5 8 9 1 2 4 3 6 
4 9 2 6 7 3 8 1 5 
6 3 1 5 4 8 7 2 9 

Sudoku # 25
zChaff solved in 0.00950603598903399seconds
Our solver solved in 2.119923010468483e-07 seconds
1 9 7 3 8 4 5 6 2 
8 5 2 6 7 1 9 3 4 
4 6 3 9 5 2 8 7 1 
5 8 9 7 1 3 2 4 6 
6 3 4 2 9 8 7 1 5 
2 7 1 4 6 5 3 9 8 
3 1 5 8 4 7 6 2 9 
7 4 6 5 2 9 1 8 3 
9 2 8 1 3 6 4 5 7 

Sudoku # 26
zChaff solved in 0.009117016990785487seconds
Our solver solved in 2.66998540610075e-07 seconds
9 2 7 1 3 6 8 4 5 
6 4 1 9 8 5 7 2 3 
8 3 5 4 7 2 6 9 1 
3 6 4 7 5 9 1 8 2 
2 5 8 6 1 4 3 7 9 
1 7 9 3 2 8 5 6 4 
4 9 3 5 6 7 2 1 8 
5 8 6 2 9 1 4 3 7 
7 1 2 8 4 3 9 5 6 

Sudoku # 27
zChaff solved in 0.008879770990461111seconds
Our solver solved in 2.2699532564729452e-07 seconds
9 7 2 8 6 3 5 4 1 
6 1 8 7 4 5 9 2 3 
4 5 3 2 9 1 6 8 7 
5 4 9 1 2 8 7 3 6 
8 2 1 6 3 7 4 5 9 
7 3 6 4 5 9 2 1 8 
2 9 5 3 8 6 1 7 4 
1 8 4 9 7 2 3 6 5 
3 6 7 5 1 4 8 9 2 

Sudoku # 28
zChaff solved in 0.009686700999736786seconds
Our solver solved in 2.2099993657320738e-07 seconds
8 5 2 7 1 6 9 4 3 
1 9 7 8 4 3 6 5 2 
4 6 3 9 2 5 1 8 7 
2 7 8 6 3 4 5 9 1 
6 4 5 1 7 9 3 2 8 
9 3 1 5 8 2 4 7 6 
7 8 6 4 9 1 2 3 5 
3 1 4 2 5 8 7 6 9 
5 2 9 3 6 7 8 1 4 

Sudoku # 29
zChaff solved in 0.00887180000427179seconds
Our solver solved in 2.479937393218279e-07 seconds
1 9 3 6 7 2 4 8 5 
4 6 2 3 5 8 9 7 1 
7 8 5 9 1 4 6 2 3 
5 3 8 2 9 6 7 1 4 
6 7 4 1 3 5 2 9 8 
2 1 9 4 8 7 3 5 6 
8 2 6 7 4 1 5 3 9 
9 4 1 5 2 3 8 6 7 
3 5 7 8 6 9 1 4 2 

Sudoku # 30
zChaff solved in 0.009001043988973834seconds
Our solver solved in 2.849992597475648e-07 seconds
3 4 5 8 7 1 2 6 9 
2 7 9 6 5 3 1 8 4 
8 6 1 4 2 9 5 3 7 
1 9 7 3 4 6 8 5 2 
4 5 2 7 1 8 3 9 6 
6 8 3 5 9 2 7 4 1 
7 3 8 2 6 4 9 1 5 
5 1 6 9 3 7 4 2 8 
9 2 4 1 8 5 6 7 3 

Sudoku # 31
zChaff solved in 0.01033607499266509seconds
Our solver solved in 2.2799940779805183e-07 seconds
7 8 5 9 2 4 6 3 1 
9 2 4 1 6 3 5 8 7 
6 3 1 5 7 8 2 4 9 
8 4 3 6 9 2 7 1 5 
1 5 9 3 8 7 4 2 6 
2 7 6 4 5 1 3 9 8 
4 6 8 7 3 9 1 5 2 
3 9 7 2 1 5 8 6 4 
5 1 2 8 4 6 9 7 3 

Sudoku # 32
zChaff solved in 0.009207708004396409seconds
Our solver solved in 2.3699249140918255e-07 seconds
1 3 2 6 4 9 7 8 5 
7 5 8 2 1 3 6 4 9 
9 6 4 7 8 5 1 2 3 
5 4 3 8 9 7 2 1 6 
2 7 6 5 3 1 8 9 4 
8 9 1 4 2 6 5 3 7 
6 1 9 3 7 8 4 5 2 
3 2 7 1 5 4 9 6 8 
4 8 5 9 6 2 3 7 1 

Sudoku # 33
zChaff solved in 0.010872919010580517seconds
Our solver solved in 2.450105967000127e-07 seconds
2 9 4 8 6 3 5 1 7 
7 1 5 4 2 9 6 3 8 
8 6 3 7 5 1 4 9 2 
1 5 2 9 4 7 8 6 3 
4 7 9 3 8 6 2 5 1 
6 3 8 5 1 2 9 7 4 
9 8 6 1 3 4 7 2 5 
5 2 1 6 7 8 3 4 9 
3 4 7 2 9 5 1 8 6 

Sudoku # 34
zChaff solved in 0.010412137999082915seconds
Our solver solved in 2.1999585442245007e-07 seconds
3 8 4 5 6 7 9 2 1 
1 2 6 4 3 9 7 8 5 
7 5 9 8 2 1 3 4 6 
5 6 3 7 9 8 2 1 4 
8 4 7 3 1 2 6 5 9 
9 1 2 6 4 5 8 7 3 
2 3 1 9 7 4 5 6 8 
4 9 5 2 8 6 1 3 7 
6 7 8 1 5 3 4 9 2 

Sudoku # 35
zChaff solved in 0.012242751006851904seconds
Our solver solved in 2.4600012693554163e-07 seconds
1 5 9 7 4 3 8 6 2 
2 7 6 5 8 9 4 3 1 
3 4 8 6 1 2 7 5 9 
6 2 4 9 7 8 3 1 5 
9 1 7 2 3 5 6 8 4 
5 8 3 1 6 4 2 9 7 
4 3 5 8 2 1 9 7 6 
8 6 1 4 9 7 5 2 3 
7 9 2 3 5 6 1 4 8 

Sudoku # 36
zChaff solved in 0.009547006993670948seconds
Our solver solved in 2.0099105313420296e-07 seconds
1 7 3 8 5 9 6 2 4 
2 9 8 7 4 6 1 5 3 
4 5 6 2 3 1 9 7 8 
3 1 7 4 2 8 5 6 9 
8 4 9 1 6 5 7 3 2 
6 2 5 9 7 3 8 4 1 
5 8 2 6 9 4 3 1 7 
9 3 4 5 1 7 2 8 6 
7 6 1 3 8 2 4 9 5 

Sudoku # 37
zChaff solved in 0.009636607996071689seconds
Our solver solved in 2.659944584593177e-07 seconds
9 4 7 5 3 1 8 2 6 
6 3 5 8 2 4 9 1 7 
2 1 8 7 9 6 4 5 3 
5 6 3 1 8 7 2 4 9 
8 9 4 6 5 2 3 7 1 
1 7 2 3 4 9 5 6 8 
3 8 6 4 7 5 1 9 2 
7 5 9 2 1 8 6 3 4 
4 2 1 9 6 3 7 8 5 

Sudoku # 38
zChaff solved in 0.0089355149975745seconds
Our solver solved in 2.090091584250331e-07 seconds
7 6 3 1 2 8 4 5 9 
9 2 4 5 6 7 8 3 1 
8 5 1 9 3 4 2 7 6 
4 1 8 2 9 5 3 6 7 
2 7 5 6 4 3 1 9 8 
6 3 9 7 8 1 5 4 2 
3 4 2 8 7 6 9 1 5 
1 8 6 3 5 9 7 2 4 
5 9 7 4 1 2 6 8 3 

Sudoku # 39
zChaff solved in 0.00890482499380596seconds
Our solver solved in 3.349996404722333e-07 seconds
8 7 3 9 6 1 4 2 5 
6 2 4 7 5 3 9 1 8 
9 5 1 2 4 8 3 7 6 
5 1 8 6 9 4 2 3 7 
2 6 9 1 3 7 5 8 4 
4 3 7 5 8 2 6 9 1 
3 8 2 4 7 5 1 6 9 
7 9 5 3 1 6 8 4 2 
1 4 6 8 2 9 7 5 3 

Sudoku # 40
zChaff solved in 0.009768693009391427seconds
Our solver solved in 2.169981598854065e-07 seconds
1 7 2 8 4 3 6 5 9 
9 5 8 6 2 7 4 3 1 
6 4 3 5 1 9 7 2 8 
8 6 4 3 5 2 1 9 7 
5 3 7 9 6 1 2 8 4 
2 1 9 7 8 4 3 6 5 
4 9 1 2 3 8 5 7 6 
3 8 5 1 7 6 9 4 2 
7 2 6 4 9 5 8 1 3 

Sudoku # 41
zChaff solved in 0.008930949989007786seconds
Our solver solved in 2.180022420361638e-07 seconds
8 4 6 9 1 3 7 5 2 
3 9 5 7 4 2 8 1 6 
1 7 2 6 5 8 9 3 4 
7 5 4 2 8 9 1 6 3 
9 8 3 1 6 5 2 4 7 
6 2 1 4 3 7 5 8 9 
2 3 8 5 9 4 6 7 1 
4 1 9 8 7 6 3 2 5 
5 6 7 3 2 1 4 9 8 

Sudoku # 42
zChaff solved in 0.009403435993590392seconds
Our solver solved in 3.66999302059412e-07 seconds
6 7 3 8 1 5 4 2 9 
1 4 5 2 7 9 8 3 6 
9 8 2 6 3 4 5 7 1 
4 1 9 5 6 3 7 8 2 
3 6 7 4 2 8 9 1 5 
2 5 8 7 9 1 3 6 4 
5 2 1 9 8 7 6 4 3 
8 3 4 1 5 6 2 9 7 
7 9 6 3 4 2 1 5 8 

Sudoku # 43
zChaff solved in 0.00970799700007774seconds
Our solver solved in 2.3399479687213898e-07 seconds
7 9 2 5 6 8 1 4 3 
4 5 3 2 1 9 8 6 7 
8 6 1 3 7 4 9 5 2 
6 2 5 8 9 3 7 1 4 
3 7 9 1 4 2 6 8 5 
1 4 8 7 5 6 2 3 9 
2 8 4 9 3 1 5 7 6 
9 3 7 6 8 5 4 2 1 
5 1 6 4 2 7 3 9 8 

Sudoku # 44
zChaff solved in 0.02281095099169761seconds
Our solver solved in 2.629967639222741e-07 seconds
1 6 2 8 5 7 4 9 3 
5 3 4 1 2 9 6 7 8 
7 8 9 6 4 3 5 2 1 
4 7 5 3 1 2 9 8 6 
9 1 3 5 8 6 7 4 2 
6 2 8 7 9 4 1 3 5 
3 5 6 4 7 8 2 1 9 
2 4 1 9 3 5 8 6 7 
8 9 7 2 6 1 3 5 4 

Sudoku # 45
zChaff solved in 0.009515154000837356seconds
Our solver solved in 2.529995981603861e-07 seconds
7 9 2 5 6 8 1 4 3 
4 5 3 2 1 9 8 6 7 
8 6 1 3 7 4 9 5 2 
6 2 5 8 9 3 7 1 4 
3 7 9 1 4 2 6 8 5 
1 4 8 7 5 6 2 3 9 
2 8 4 9 3 1 5 7 6 
9 3 7 6 8 5 4 2 1 
5 1 6 4 2 7 3 9 8 

